<BeginHMM>
<NumStates> 6 <VecSize> 20   <nullD><USER>

<State> 2 <NumMixes> 1
	<Mixture> 1 1.0
	<Mean> 20
	0.0 0.0 0.0 0.0 0.0 0.0 0.0 0.0 0.0 0.0 0.0 0.0 0.0 0.0 0.0 0.0 0.0 0.0 0.0 0.0 
	<Variance> 20
	1.0 1.0 1.0 1.0 1.0 1.0 1.0 1.0 1.0 1.0 1.0 1.0 1.0 1.0 1.0 1.0 1.0 1.0 1.0 1.0 
<State> 3 <NumMixes> 1
	<Mixture> 1 1.0
	<Mean> 20
	0.0 0.0 0.0 0.0 0.0 0.0 0.0 0.0 0.0 0.0 0.0 0.0 0.0 0.0 0.0 0.0 0.0 0.0 0.0 0.0 
	<InvCovar> 20
            6968.678 -385.170 -8333.383 141.579 9745.902 -55.846 -2882.357 -423.668 357.433 -135.103 1866.826 97.365 2642.518 -339.989 -8268.816 -69.182 8290.625 232.601 -1736.332 -72.574
                     267.372 335.764 -30.601 -1365.480 -18.629 1551.075 -53.232 -643.197 48.019 -14.585 -70.188 106.923 67.478 788.869 -86.764 -1280.721 -10.598 421.028 87.491
                             88761.025 -437.158 -203356.248 376.226 162711.957 1418.136 -42979.695 -1014.050 -10732.450 96.309 -12900.917 1095.572 88706.378 -1608.486 -115871.038 1506.570 43661.623 -488.506
                                       553.085 -272.079 -291.258 605.451 -6.215 -297.178 -35.859 190.236 131.157 -1179.936 -21.731 3045.097 -98.115 -2403.800 143.755 486.213 -71.055
                                               546114.278 118.074 -504802.293 -3894.398 157651.583 2268.839 20934.649 -1752.301 1886.833 -2980.257 -156709.514 5260.936 261288.342 -6962.937 -114082.129 1782.551
                                                          700.999 -1100.630 -471.596 538.146 103.837 610.617 -176.785 137.246 27.248 -678.458 88.860 1252.147 -130.871 -554.751 -35.332
                                                                  524403.050 3758.263 -184142.810 -922.680 -18282.388 2798.861 27516.799 2913.871 70240.929 -5445.798 -193074.605 8571.449 101716.046 -2315.059
                                                                             1459.649 -1164.783 -781.507 -342.062 73.965 1619.013 -13.625 -6571.353 -38.407 8687.472 -71.549 -4206.920 409.027
                                                                                      72651.747 -679.737 6776.964 -1334.616 -20483.315 -1083.753 11263.149 1945.340 32725.672 -3298.685 -25920.251 1124.099
                                                                                                933.338 -85.769 -0.851 887.682 71.546 -1154.989 21.417 -579.356 91.334 1274.999 -413.446
                                                                                                        25982.853 -3292.373 -15732.133 89.819 6568.652 75.776 9080.904 -16.876 -2060.088 -8.059
                                                                                                                  1525.503 -473.998 -52.760 -1694.466 -68.257 4579.576 162.742 -3867.210 46.300
                                                                                                                           171890.027 1078.282 -454282.581 -924.372 440698.611 -693.309 -152045.690 -214.376
                                                                                                                                      390.467 -3784.070 -255.305 3819.032 46.596 -1374.617 33.631
                                                                                                                                              1507805.715 4442.488 -1707735.087 4948.584 661839.645 -4463.811
                                                                                                                                                          551.448 -6450.162 -390.336 3013.132 15.563
                                                                                                                                                                  2124263.566 -8611.274 -880535.386 9898.516
                                                                                                                                                                              983.463 4338.941 -534.719
                                                                                                                                                                                      385707.208 -6034.443
                                                                                                                                                                                                 844.433

<State> 4 <NumMixes> 1
	<Mixture> 1 1.0
	<Mean> 20
	0.0 0.0 0.0 0.0 0.0 0.0 0.0 0.0 0.0 0.0 0.0 0.0 0.0 0.0 0.0 0.0 0.0 0.0 0.0 0.0 
	<Variance> 20
	1.0 1.0 1.0 1.0 1.0 1.0 1.0 1.0 1.0 1.0 1.0 1.0 1.0 1.0 1.0 1.0 1.0 1.0 1.0 1.0 
<State> 5 <NumMixes> 1
	<Mixture> 1 1.0
	<Mean> 20
	0.0 0.0 0.0 0.0 0.0 0.0 0.0 0.0 0.0 0.0 0.0 0.0 0.0 0.0 0.0 0.0 0.0 0.0 0.0 0.0 
	<Variance> 20
	1.0 1.0 1.0 1.0 1.0 1.0 1.0 1.0 1.0 1.0 1.0 1.0 1.0 1.0 1.0 1.0 1.0 1.0 1.0 1.0 
<TransP> 6
	0.000e+00  1.000e+00  0.000e+00  0.000e+00  0.000e+00  0.000e+00  
	0.000e+00  5.000e-01  5.000e-01  0.000e+00  0.000e+00  0.000e+00  
	0.000e+00  0.000e+00  5.000e-01  5.000e-01  0.000e+00  0.000e+00  
	0.000e+00  0.000e+00  0.000e+00  5.000e-01  5.000e-01  0.000e+00  
	0.000e+00  0.000e+00  0.000e+00  0.000e+00  5.000e-01  5.000e-01  
	0.000e+00  0.000e+00  0.000e+00  0.000e+00  0.000e+00  5.000e-01  
<EndHMM>
