6968.678 -385.170 -8333.383 141.579 9745.902 -55.846 -2882.357 -423.668 357.433 -135.103 1866.826 97.365 2642.518 -339.989 -8268.816 -69.182 8290.625 232.601 -1736.332 -72.574
-385.170 267.372 335.764 -30.601 -1365.480 -18.629 1551.075 -53.232 -643.197 48.019 -14.585 -70.188 106.923 67.478 788.869 -86.764 -1280.721 -10.598 421.028 87.491
-8333.383 335.764 88761.025 -437.158 -203356.248 376.226 162711.957 1418.136 -42979.695 -1014.050 -10732.450 96.309 -12900.917 1095.572 88706.378 -1608.486 -115871.038 1506.570 43661.623 -488.506
141.579 -30.601 -437.158 553.085 -272.079 -291.258 605.451 -6.215 -297.178 -35.859 190.236 131.157 -1179.936 -21.731 3045.097 -98.115 -2403.800 143.755 486.213 -71.055
9745.902 -1365.480 -203356.248 -272.079 546114.278 118.074 -504802.293 -3894.398 157651.583 2268.839 20934.649 -1752.301 1886.833 -2980.257 -156709.514 5260.936 261288.342 -6962.937 -114082.129 1782.551
-55.846 -18.629 376.226 -291.258 118.074 700.999 -1100.630 -471.596 538.146 103.837 610.617 -176.785 137.246 27.248 -678.458 88.860 1252.147 -130.871 -554.751 -35.332
-2882.357 1551.075 162711.957 605.451 -504802.293 -1100.630 524403.050 3758.263 -184142.810 -922.680 -18282.388 2798.861 27516.799 2913.871 70240.929 -5445.798 -193074.605 8571.449 101716.046 -2315.059
-423.668 -53.232 1418.136 -6.215 -3894.398 -471.596 3758.263 1459.649 -1164.783 -781.507 -342.062 73.965 1619.013 -13.625 -6571.353 -38.407 8687.472 -71.549 -4206.920 409.027
357.433 -643.197 -42979.695 -297.178 157651.583 538.146 -184142.810 -1164.783 72651.747 -679.737 6776.964 -1334.616 -20483.315 -1083.753 11263.149 1945.340 32725.672 -3298.685 -25920.251 1124.099
-135.103 48.019 -1014.050 -35.859 2268.839 103.837 -922.680 -781.507 -679.737 933.338 -85.769 -0.851 887.682 71.546 -1154.989 21.417 -579.356 91.334 1274.999 -413.446
1866.826 -14.585 -10732.450 190.236 20934.649 610.617 -18282.388 -342.062 6776.964 -85.769 25982.853 -3292.373 -15732.133 89.819 6568.652 75.776 9080.904 -16.876 -2060.088 -8.059
97.365 -70.188 96.309 131.157 -1752.301 -176.785 2798.861 73.965 -1334.616 -0.851 -3292.373 1525.503 -473.998 -52.760 -1694.466 -68.257 4579.576 162.742 -3867.210 46.300
2642.518 106.923 -12900.917 -1179.936 1886.833 137.246 27516.799 1619.013 -20483.315 887.682 -15732.133 -473.998 171890.027 1078.282 -454282.581 -924.372 440698.611 -693.309 -152045.690 -214.376
-339.989 67.478 1095.572 -21.731 -2980.257 27.248 2913.871 -13.625 -1083.753 71.546 89.819 -52.760 1078.282 390.467 -3784.070 -255.305 3819.032 46.596 -1374.617 33.631
-8268.816 788.869 88706.378 3045.097 -156709.514 -678.458 70240.929 -6571.353 11263.149 -1154.989 6568.652 -1694.466 -454282.581 -3784.070 1507805.715 4442.488 -1707735.087 4948.584 661839.645 -4463.811
-69.182 -86.764 -1608.486 -98.115 5260.936 88.860 -5445.798 -38.407 1945.340 21.417 75.776 -68.257 -924.372 -255.305 4442.488 551.448 -6450.162 -390.336 3013.132 15.563
8290.625 -1280.721 -115871.038 -2403.800 261288.342 1252.147 -193074.605 8687.472 32725.672 -579.356 9080.904 4579.576 440698.611 3819.032 -1707735.087 -6450.162 2124263.566 -8611.274 -880535.386 9898.516
232.601 -10.598 1506.570 143.755 -6962.937 -130.871 8571.449 -71.549 -3298.685 91.334 -16.876 162.742 -693.309 46.596 4948.584 -390.336 -8611.274 983.463 4338.941 -534.719
-1736.332 421.028 43661.623 486.213 -114082.129 -554.751 101716.046 -4206.920 -25920.251 1274.999 -2060.088 -3867.210 -152045.690 -1374.617 661839.645 3013.132 -880535.386 4338.941 385707.208 -6034.443
-72.574 87.491 -488.506 -71.055 1782.551 -35.332 -2315.059 409.027 1124.099 -413.446 -8.059 46.300 -214.376 33.631 -4463.811 15.563 9898.516 -534.719 -6034.443 844.433
